1.0	0.4430359	0.010043042	0.4344894	0.028928572	0.5179886	0.3679348	0.48396832	0.5259639	0.3543297	0.40952107	0.45202377	0.55785424	0.029770445	0.508845	0.046863735	0.10389147	0.37283874	0.039784946	0.5554484	0.0028818443	0.58560425	0.4911866	0.47438505	0.46944696	0.44882712	0.3735048	0.39860967	0.38885114	0.6134351	0.04631279	0.48891887	0.48345366	0.033574007	0.6386503	0.0	0.5682399	0.5194623	0.4672641	0.029931482	0.11134827	0.42876345	0.50011325	0.064642854	0.0036114121	0.5062769	0.08468596	0.57087755	0.3334393	0.417331	0.44643173	0.5287707	0.08276846	0.49849924	0.5113284	0.033417176	0.0010810811	0.38793394	0.035366293	0.035624325	0.6547059	0.032892384	0.015124234	0.05005363	0.42718446	0.44409052	0.47543213	0.0043336945	0.48053503	0.13711667	0.01764494	0.20679611	0.48696318	0.6505922	0.12171753	0.4946684	0.48977485	0.31841198	0.41582024	0.033022255	0.24907438	0.4494003	0.091785714	0.50689656	0.3877372	0.36544806	0.5069844	0.36201692	0.3235673	0.4890551	0.6278504	0.4741036	0.39235902	0.031620555	0.5405557	0.4968153	0.114377916	0.63149506	0.4805401	0.46477586	0.6251839	0.42896	0.4582343	0.45687518	0.0490161	0.3438264	0.025732666	0.48587453	0.39804846	0.04830054	0.5508204	0.04096299	0.5584885	0.005778259	0.05357143	0.3655757	0.150836	0.39443377	0.5171112	0.009743775	0.47166854	0.5682054	0.005753326	0.45821428	0.046214007	0.61045676	0.49365693	0.029157666	0.46707448	0.51408017	0.047962494	0.36013073	0.01976995	0.6296937	0.15269043	0.50229675	0.3940902	0.105755895	0.5875643	0.56115264	0.50687164	0.31544462	0.49767563	0.4422549	0.09749104	0.014084507	0.4703732	0.47120786	0.44705287	0.50337714	0.13628381	0.6066473	0.5285006	0.11403197	0.6097442	0.43436754	0.49101096	0.08849875	0.18077183
0.4430359	1.0	0.0076705017	0.7001258	0.018509254	0.74149436	0.34478268	0.72523713	0.6136473	0.6914959	0.34534037	0.36865377	0.57644194	0.016333334	0.49058786	0.022344505	0.053342223	0.26461282	0.019633943	0.33366403	0.0025016677	0.415608	0.63697857	0.7443925	0.7196843	0.7351838	0.28681916	0.77459073	0.21478406	0.39776647	0.02801868	0.7200063	0.35178128	0.015677119	0.41449323	0.0	0.5780978	0.6718266	0.6418564	0.014171391	0.057090547	0.24009286	0.59747	0.03501167	0.0016677785	0.68576986	0.04911755	0.5750081	0.23473632	0.21689953	0.72442496	0.6341152	0.04384064	0.5158691	0.49088076	0.017336223	0.0011670557	0.21888483	0.016677786	0.0175	0.45800394	0.01950325	0.008002668	0.02562396	0.36288318	0.7612673	0.67476404	0.0020013342	0.5961308	0.07603802	0.009506337	0.14426714	0.45355192	0.48099822	0.06519926	0.4709064	0.6460107	0.69014734	0.293719	0.018178785	0.1536415	0.69151235	0.047857262	0.5794436	0.31487888	0.7062225	0.6273301	0.27186063	0.21229142	0.7171717	0.41251028	0.6393858	0.2832759	0.01701134	0.41792744	0.44225764	0.056185395	0.38093662	0.6671348	0.7468118	0.42315823	0.745084	0.7209438	0.41994664	0.02718479	0.25209394	0.016844563	0.58983	0.22808185	0.026680008	0.5682351	0.020496584	0.45856717	0.0026684457	0.029328445	0.30041152	0.07735912	0.2511958	0.5628035	0.004836558	0.5629287	0.4989494	0.004	0.7399206	0.026793143	0.44874528	0.68838316	0.014840754	0.738619	0.67108375	0.022507502	0.69890326	0.010835139	0.58349454	0.0871231	0.5911386	0.26480722	0.06719893	0.6213882	0.64087796	0.5719844	0.23740648	0.49190083	0.72401077	0.04886591	0.006336502	0.6818815	0.5297523	0.7628157	0.6841474	0.077538766	0.36561823	0.6338201	0.061207473	0.5698324	0.32154605	0.5658902	0.044863243	0.11175497
0.010043042	0.0076705017	1.0	0.007296903	0.032467533	0.010116907	0.016263736	0.008821799	0.010534052	0.0059057646	0.01810585	0.016033756	0.0096826255	0.04195804	0.013500164	0.04597701	0.024930747	0.01983881	0.017045455	0.017299375	0.016393442	0.011145273	0.010549029	0.008451787	0.008242788	0.008077544	0.020174483	0.0068779904	0.014880952	0.011848342	0.06965174	0.008667608	0.018441679	0.01438849	0.011583012	0.0	0.0087763285	0.008104738	0.007794677	0.03875969	0.028132992	0.015936255	0.011932556	0.048582997	0.0	0.007962085	0.026239067	0.0095795635	0.019377163	0.016356878	0.008331791	0.009169998	0.029605264	0.013015185	0.00921273	0.062068965	0.0	0.018978102	0.027972028	0.04	0.011142061	0.0	0.0	0.023809524	0.01607143	0.007351684	0.009107845	0.01724138	0.0088115195	0.026476579	0.05050505	0.023373984	0.011437909	0.010325911	0.032941177	0.013060951	0.009442446	0.0054097604	0.0151351355	0.02631579	0.02593361	0.008450705	0.018237082	0.0092176795	0.017025538	0.006070203	0.008965668	0.015900057	0.017582418	0.00833951	0.011918493	0.008792966	0.015200868	0.06428572	0.012811127	0.014956522	0.04043127	0.012251795	0.009596929	0.00839855	0.011187297	0.0074638976	0.007383242	0.016244058	0.029411765	0.015151516	0.01369863	0.007503411	0.017033357	0.04	0.007899284	0.060606062	0.012982456	0.016129032	0.0754717	0.016675351	0.015841585	0.017402112	0.011739012	0.013333334	0.010501444	0.010331206	0.0	0.008334877	0.04245283	0.012285012	0.007647827	0.08730159	0.008353444	0.008688097	0.033707865	0.006023308	0.10576923	0.009377442	0.03963964	0.011655629	0.013824885	0.017429193	0.007598434	0.008787346	0.010517799	0.02258727	0.01383855	0.006812652	0.024096385	0.0	0.009228876	0.011353959	0.0074099605	0.008001524	0.015841585	0.012561687	0.007970702	0.037593983	0.009088549	0.019550342	0.0121546965	0.029315962	0.03234501
0.4344894	0.7001258	0.007296903	1.0	0.017341977	0.6113895	0.332385	0.66307396	0.5519697	0.7245087	0.32467327	0.3632875	0.548549	0.015721232	0.4536832	0.021566402	0.051710162	0.25028184	0.020087477	0.3250201	0.00243309	0.40118513	0.57108104	0.6622313	0.64309186	0.67151	0.27967325	0.7011251	0.20794317	0.39797068	0.02708401	0.6382383	0.33338672	0.014918112	0.40776542	0.0	0.58825374	0.66171795	0.6518154	0.014111922	0.055528574	0.2355412	0.54685813	0.03405221	0.00162206	0.69658756	0.049302626	0.53913045	0.2259367	0.20901309	0.6691686	0.5859232	0.04297762	0.45874125	0.49969184	0.017356042	0.001459854	0.21076378	0.0162206	0.016855754	0.44352	0.01946472	0.007783363	0.026085548	0.34153748	0.6927414	0.6422169	0.001946472	0.59023386	0.0737798	0.009082063	0.14402698	0.4515519	0.4748844	0.062378485	0.4378047	0.5868362	0.6918783	0.2807945	0.016855754	0.14888458	0.627907	0.0458671	0.60655737	0.30113363	0.7368554	0.60803115	0.2718353	0.21276252	0.6978555	0.40067232	0.63484627	0.28300676	0.016545013	0.4213726	0.43042582	0.054474708	0.36617458	0.6124814	0.670721	0.41947803	0.7132731	0.7118983	0.38066465	0.026106697	0.2547094	0.016382806	0.5763598	0.22125182	0.026115166	0.5939062	0.020100502	0.429592	0.0025952961	0.028191835	0.27916932	0.07454222	0.24578314	0.51115215	0.004703974	0.54001856	0.49202085	0.0035650623	0.666955	0.027890384	0.43161577	0.7086918	0.014433993	0.6792672	0.6212715	0.022222223	0.714836	0.010046994	0.5667921	0.08438613	0.5330145	0.2657455	0.06708799	0.611734	0.6449086	0.52237654	0.2237942	0.44371173	0.728854	0.0463383	0.006326034	0.6205226	0.50536466	0.6905469	0.6929812	0.07419407	0.3560557	0.63864017	0.059529603	0.5685168	0.30616143	0.508404	0.043464158	0.1076428
0.028928572	0.018509254	0.032467533	0.017341977	1.0	0.022890484	0.039807525	0.020364206	0.024951076	0.0143810995	0.039116427	0.03776752	0.025234899	0.0974359	0.030491803	0.060085837	0.04819277	0.045232274	0.07488987	0.03657957	0.058333334	0.03413886	0.023923445	0.020349395	0.019846471	0.019562095	0.041980624	0.016141085	0.040786598	0.03222004	0.060606062	0.021563886	0.03646308	0.01980198	0.031502113	0.0	0.025075225	0.021188201	0.020928463	0.06417112	0.07356322	0.044531763	0.025866529	0.08	0.0	0.019511271	0.1300813	0.024422618	0.05054645	0.051395006	0.019234326	0.022769952	0.09248555	0.028377544	0.028507546	0.12307692	0.0	0.039118066	0.06	0.1631579	0.028759528	0.02202643	0.0	0.13360325	0.04090707	0.018290598	0.02192801	0.033333335	0.022341568	0.03642987	0.05625	0.0741483	0.033017326	0.028314028	0.054393306	0.031375166	0.022676246	0.012891345	0.039593365	0.037558686	0.07005076	0.02091293	0.08108108	0.024580477	0.03916708	0.0146476645	0.02228534	0.054607507	0.061313868	0.019252129	0.032542113	0.021782573	0.048780486	0.07537688	0.03357664	0.03253721	0.06117647	0.033165406	0.022151224	0.020026702	0.032037437	0.01801071	0.0183691	0.03461841	0.15062761	0.054545455	0.004716981	0.02531357	0.04244955	0.07480315	0.024450481	0.076233186	0.03180706	0.032258064	0.06934307	0.042938437	0.0625	0.051915947	0.027800491	0.052238807	0.027027028	0.02820746	0.0	0.019618731	0.07116105	0.029319372	0.020153014	0.1160221	0.019473294	0.022140222	0.055084746	0.014667365	0.14649682	0.024707412	0.06467662	0.026427062	0.05066206	0.092402466	0.021154288	0.021944262	0.026939655	0.047011416	0.030839896	0.017356042	0.0828877	0.02027027	0.021302745	0.029219858	0.018435562	0.01980198	0.08442777	0.036144577	0.021973288	0.057395145	0.02463693	0.039632674	0.025859697	0.09169055	0.062659845
0.5179886	0.74149436	0.010116907	0.6113895	0.022890484	1.0	0.41492727	0.70385575	0.6590113	0.54119426	0.41519967	0.45107654	0.6813776	0.021333933	0.60038525	0.030132674	0.07000224	0.34013304	0.024848891	0.4085603	0.00247191	0.5163934	0.7020352	0.73668104	0.6849268	0.66638935	0.35421166	0.6396171	0.2826619	0.4704267	0.037786774	0.71150345	0.44531932	0.0211426	0.48991722	0.0	0.6026641	0.66696703	0.60330576	0.019109713	0.07573381	0.28611714	0.6633267	0.047212232	0.0022492127	0.6370682	0.06405375	0.62301904	0.30084184	0.275946	0.6808947	0.66845846	0.056739178	0.6088964	0.5152203	0.02337604	0.001573741	0.288064	0.022262199	0.022905907	0.5475736	0.02422611	0.010791367	0.033602152	0.4654226	0.6956665	0.6791599	0.0026990552	0.5841463	0.10179775	0.012592759	0.17598434	0.5210067	0.550659	0.08499663	0.57154953	0.66460675	0.5117403	0.3810781	0.023595506	0.19309123	0.7092263	0.06238779	0.5941523	0.3953993	0.5604153	0.6489206	0.3233533	0.25963002	0.6700611	0.5046009	0.6088215	0.3389577	0.022022473	0.4919842	0.53364074	0.07503932	0.4726918	0.66751873	0.72523165	0.48535478	0.65105057	0.6552725	0.5663518	0.03666217	0.29925135	0.019049754	0.6136696	0.2945616	0.0355136	0.5913696	0.025790537	0.56856835	0.0035987406	0.038608305	0.3777392	0.103572235	0.31074917	0.6119729	0.0062963795	0.60031044	0.5569442	0.0049415994	0.697069	0.035178132	0.54398984	0.63868916	0.019325843	0.69646245	0.6846125	0.030119129	0.5503657	0.013471037	0.64199245	0.11569507	0.6757749	0.31658828	0.08664583	0.63164747	0.6521499	0.6443278	0.29289162	0.6098191	0.62345016	0.065901935	0.008091706	0.67716396	0.57882214	0.69872326	0.6340641	0.10258137	0.46866727	0.62629884	0.08157303	0.5941889	0.40794617	0.6384881	0.060026977	0.13866843
0.3679348	0.34478268	0.016263736	0.332385	0.039807525	0.41492727	1.0	0.39390498	0.40705413	0.2822704	0.43214285	0.47512755	0.4491628	0.036793694	0.4785036	0.043932144	0.100808166	0.42756838	0.039462272	0.3903143	0.004405286	0.40877396	0.45116174	0.39588785	0.38383102	0.40671575	0.4713926	0.32563305	0.28617594	0.35602838	0.059207663	0.37640557	0.39038944	0.02431611	0.38426325	0.0	0.37255332	0.38689426	0.35746524	0.035667107	0.11158252	0.3150877	0.4486269	0.08450088	0.004415011	0.33931744	0.10728134	0.3839779	0.37569883	0.27172756	0.3901687	0.40939596	0.09236081	0.4277908	0.3695703	0.037166595	0.001321004	0.28429282	0.03910369	0.04214223	0.36368477	0.036505867	0.0122431135	0.058286212	0.49005306	0.3602818	0.41041955	0.004854369	0.39158446	0.14129978	0.021557413	0.23895505	0.3996312	0.37683398	0.12728044	0.4427628	0.4205845	0.26070443	0.44786143	0.03622872	0.25962293	0.4104565	0.10663199	0.4015986	0.512638	0.28385076	0.3796446	0.33700368	0.28271693	0.3616	0.37823245	0.36016473	0.33857235	0.03770276	0.40580937	0.4707904	0.10667233	0.35945788	0.40331045	0.39579457	0.3708356	0.34616613	0.3508772	0.46582898	0.06258205	0.32505107	0.030487806	0.3740442	0.2703549	0.068722464	0.40302828	0.045434687	0.43843335	0.0057319226	0.06719023	0.4262744	0.12525752	0.37384176	0.44311816	0.011463845	0.4668762	0.39376414	0.0065847235	0.37508973	0.0567591	0.37224314	0.35250267	0.034255598	0.38111573	0.41484535	0.044347826	0.28534338	0.024593763	0.3838292	0.16071428	0.4645803	0.31896552	0.10904585	0.3609907	0.374092	0.42874253	0.38043883	0.44790813	0.3244773	0.1044905	0.014084507	0.41366336	0.46651447	0.35940662	0.34065345	0.15475687	0.3495175	0.36763832	0.12671232	0.39488116	0.40607643	0.4427275	0.109943055	0.20177205
0.48396832	0.72523713	0.008821799	0.66307396	0.020364206	0.70385575	0.39390498	1.0	0.623673	0.61027116	0.3847477	0.4190603	0.6137072	0.01920439	0.54240185	0.025872206	0.061887976	0.29811978	0.021879273	0.37232006	0.0029417532	0.4507175	0.67485994	0.7172862	0.67830145	0.7153883	0.33803633	0.70121247	0.25068226	0.431203	0.03234026	0.6849866	0.394469	0.018434986	0.4472741	0.0	0.591826	0.6657696	0.6148807	0.017062169	0.06690141	0.268697	0.618402	0.0411684	0.0019611688	0.64848965	0.05423332	0.59848213	0.27192983	0.24471591	0.7108866	0.65820765	0.050724637	0.54407126	0.48840803	0.019984325	0.0015686274	0.25520733	0.019611688	0.020576132	0.5008489	0.022331048	0.009409919	0.02931405	0.4059862	0.7044074	0.6757259	0.0023534026	0.6138433	0.08877131	0.010980392	0.16028342	0.46502426	0.5139685	0.07455969	0.5190897	0.6353042	0.5869015	0.34198296	0.02137674	0.17369342	0.7023004	0.055446707	0.6030955	0.35976195	0.6245034	0.6275467	0.28493613	0.22011745	0.6864352	0.45200303	0.6165173	0.3112332	0.019604	0.44903633	0.5017901	0.06564766	0.41812643	0.65752035	0.70067465	0.45363685	0.70647067	0.6871137	0.46031442	0.031158142	0.26210132	0.018409714	0.57629657	0.2592233	0.03137255	0.57881093	0.02349716	0.517683	0.0031378702	0.03367267	0.33619538	0.09053498	0.28486362	0.5865942	0.0056873895	0.6081301	0.5370642	0.0045062695	0.7217848	0.030486614	0.49004883	0.66438466	0.017052136	0.9468895	0.6792518	0.02586207	0.6183759	0.011946729	0.6070207	0.10199687	0.62830395	0.27876854	0.06957364	0.634252	0.6519356	0.60595	0.26909655	0.52029175	0.666272	0.05642633	0.0074509806	0.6940717	0.56267005	0.70788276	0.64933825	0.0894675	0.41373307	0.64319485	0.07134457	0.6174448	0.36429664	0.57955784	0.05234268	0.1253385
0.5259639	0.6136473	0.010534052	0.5519697	0.024951076	0.6590113	0.40705413	0.623673	1.0	0.49842152	0.43940794	0.45579922	0.62221295	0.021755071	0.5769743	0.03234501	0.074987784	0.3427963	0.027079776	0.40783146	0.0026947574	0.5068989	0.6492	0.6380162	0.7643861	0.6089059	0.370964	0.5687846	0.31425092	0.46837416	0.040176384	0.69767004	0.42595977	0.023050515	0.50101554	0.0	0.567231	0.6146155	0.5506813	0.019833496	0.07911392	0.31559026	0.6105584	0.049156275	0.0024521824	0.5935902	0.064093225	0.6120725	0.33884698	0.2824899	0.6252787	0.64844525	0.060029283	0.7000466	0.47834495	0.024730656	0.0017156863	0.31979573	0.024270654	0.024467824	0.57399	0.026405867	0.011021308	0.033341445	0.44192958	0.61454606	0.6618772	0.002942619	0.53907216	0.109073125	0.013232051	0.17985949	0.48520216	0.54854053	0.08971234	0.59133965	0.6301894	0.46938306	0.36845762	0.023216031	0.19324934	0.6249775	0.067220725	0.55478555	0.40064695	0.5081522	0.6373106	0.30845323	0.24597701	0.6117067	0.47672874	0.5623817	0.33961406	0.023005385	0.48492792	0.55111605	0.0818026	0.44948128	0.6453914	0.6499557	0.5070578	0.58808935	0.6154725	0.49977264	0.038951494	0.28542465	0.021011483	0.542753	0.3268577	0.036430318	0.54640746	0.028110486	0.5787312	0.003923492	0.04157496	0.36793962	0.11154599	0.3023897	0.6105329	0.007111329	0.56722355	0.5765109	0.005140759	0.61910456	0.03682029	0.56024367	0.5805965	0.020818027	0.6090801	0.63710135	0.032076396	0.5041089	0.014684288	0.6147876	0.12445095	0.6457023	0.30722347	0.081770085	0.60653543	0.6208647	0.66054654	0.3080019	0.5983809	0.56664115	0.06818182	0.009563511	0.6437752	0.5491636	0.61758924	0.588075	0.10748233	0.46744457	0.6064183	0.08520508	0.5643154	0.41925755	0.59217876	0.06361634	0.14815702
0.3543297	0.6914959	0.0059057646	0.7245087	0.0143810995	0.54119426	0.2822704	0.61027116	0.49842152	1.0	0.27065745	0.30098706	0.46005335	0.01270697	0.38226652	0.01733436	0.04107303	0.20133111	0.016688062	0.26255122	0.00192604	0.3256646	0.5092148	0.6135884	0.63038886	0.6508466	0.23151825	0.7433458	0.16865614	0.3224233	0.02157165	0.6027414	0.27417082	0.012069851	0.3298678	0.0	0.50955987	0.59352064	0.61952066	0.011171033	0.045582946	0.18858974	0.47741118	0.026957639	0.0012840267	0.66216904	0.0390294	0.47092578	0.18249486	0.16949153	0.6332673	0.516255	0.03415511	0.4009416	0.43510678	0.013739086	0.001155624	0.17156045	0.012840267	0.013605442	0.3652687	0.01540832	0.0064201336	0.020916207	0.28061876	0.68641764	0.5895175	0.0015408321	0.5456805	0.05868002	0.007318952	0.119385794	0.37880138	0.39241803	0.050333846	0.3690234	0.54101044	0.8247868	0.23241512	0.013865708	0.119374275	0.5830437	0.03658067	0.5188417	0.2505759	0.8449808	0.55879384	0.21944977	0.1720154	0.65436745	0.3283391	0.5940421	0.22824281	0.013097072	0.3451101	0.3578344	0.043528505	0.29928222	0.5654411	0.62861073	0.35097387	0.71312785	0.6952784	0.31571555	0.020929635	0.20640615	0.01296867	0.52991456	0.17766367	0.02067283	0.50336933	0.016305046	0.35613117	0.0020544427	0.023109514	0.23669772	0.059835646	0.20199949	0.4511917	0.0037236775	0.4682037	0.41418532	0.0029513666	0.63342416	0.02168613	0.36078382	0.66219807	0.011426371	0.6357879	0.55219954	0.017460521	0.9804828	0.008601874	0.48219982	0.06791629	0.46496007	0.21776468	0.05379381	0.54455066	0.57268554	0.4666156	0.18397436	0.37528604	0.74940425	0.037222438	0.0050077043	0.579985	0.43397185	0.682184	0.65843725	0.059563544	0.2837699	0.5947612	0.04712378	0.4887324	0.2590647	0.4475187	0.034540318	0.0913406
0.40952107	0.34534037	0.01810585	0.32467327	0.039116427	0.41519967	0.43214285	0.3847477	0.43940794	0.27065745	1.0	0.47335732	0.43385595	0.036900368	0.5053795	0.049218033	0.1268827	0.46364346	0.04160951	0.4123953	0.004182156	0.4077381	0.43434802	0.3715939	0.372157	0.34995624	0.4441615	0.31306675	0.330388	0.4111414	0.064397424	0.39056382	0.42649007	0.03178259	0.4295668	0.0	0.3989945	0.38335988	0.35705116	0.03331791	0.122027814	0.34158966	0.4398848	0.081651375	0.0041918955	0.35279095	0.10604693	0.4084608	0.4633347	0.3054614	0.36957705	0.4233853	0.08844765	0.4820541	0.3953602	0.043055557	9.2893635E-4	0.33142856	0.0407785	0.043015726	0.4277968	0.039449543	0.011515431	0.06146789	0.46861362	0.34596598	0.39871642	0.0055917986	0.3610499	0.14669603	0.02322341	0.26568866	0.40911558	0.4131316	0.13051225	0.47623163	0.41546723	0.24700737	0.41329068	0.03773585	0.25989392	0.38697094	0.1129401	0.40162852	0.47447342	0.27951047	0.39216092	0.36182135	0.29472902	0.3706599	0.40469122	0.3644521	0.38824764	0.040259138	0.43836832	0.43794784	0.12596284	0.40031153	0.40973797	0.36881143	0.43850896	0.3301313	0.3379241	0.49057207	0.067005545	0.33782348	0.033578657	0.37763712	0.32433447	0.059715204	0.3851669	0.044077136	0.46733373	0.0074557317	0.07284463	0.41114983	0.14410862	0.38216797	0.47297642	0.011627907	0.443339	0.43796393	0.009285051	0.3590991	0.058877226	0.415625	0.35153154	0.03710575	0.3730173	0.40128845	0.051589128	0.27552485	0.02642559	0.41530442	0.16958041	0.45691776	0.35261127	0.11274935	0.3838427	0.3873108	0.43038905	0.43835068	0.49508953	0.32917267	0.114716634	0.01110597	0.40035906	0.4622934	0.34843856	0.35422394	0.16659223	0.3979461	0.3717871	0.13045435	0.39803785	0.4225017	0.45273507	0.11547344	0.25547764
0.45202377	0.36865377	0.016033756	0.3632875	0.03776752	0.45107654	0.47512755	0.4190603	0.45579922	0.30098706	0.47335732	1.0	0.4781973	0.035308953	0.5525482	0.04741922	0.117402166	0.4772388	0.039616346	0.43398058	0.004651163	0.46258503	0.4681808	0.42260674	0.4048923	0.41405135	0.4819405	0.34622824	0.31122994	0.4555224	0.05727425	0.42345846	0.47281015	0.025480367	0.45890006	0.0	0.44383687	0.43013972	0.3850491	0.033347405	0.11540041	0.35114235	0.4954283	0.078825995	0.0042354935	0.37868112	0.10119785	0.45497856	0.39844903	0.30254778	0.40707162	0.4537852	0.0918537	0.46959725	0.41200286	0.04222973	8.445946E-4	0.32405424	0.042354934	0.040876526	0.43984547	0.035475794	0.01558551	0.054189246	0.45714286	0.3939188	0.4573282	0.005082592	0.4290375	0.15067375	0.021978023	0.22818047	0.4552058	0.44123876	0.12920427	0.4851182	0.4470438	0.27175415	0.46471	0.039124947	0.26697353	0.44099134	0.106516294	0.47326022	0.56972545	0.30591327	0.4278648	0.3681227	0.34752548	0.3960396	0.42577112	0.39405414	0.37812912	0.03836425	0.44675398	0.5470136	0.11294311	0.4169675	0.42787683	0.42586336	0.42190105	0.375121	0.38967216	0.49022603	0.06903854	0.37694165	0.030125523	0.4214963	0.32637167	0.061001264	0.44141504	0.047558922	0.4881259	0.0063505503	0.06270903	0.41788563	0.13991936	0.39759463	0.47296306	0.012282931	0.52549505	0.47850028	0.00631845	0.4006138	0.057571966	0.4446915	0.40214428	0.033305228	0.40199095	0.43938768	0.049139015	0.3066266	0.02359882	0.44975403	0.16855295	0.48283365	0.3890215	0.13002844	0.44274315	0.43635607	0.47147366	0.4177215	0.47779605	0.35168147	0.107679464	0.01308569	0.42169386	0.5197828	0.39702106	0.379717	0.16003282	0.45157194	0.4321114	0.12680711	0.46606764	0.43650016	0.44361266	0.10690235	0.19056822
0.55785424	0.57644194	0.0096826255	0.548549	0.025234899	0.6813776	0.4491628	0.6137072	0.62221295	0.46005335	0.43385595	0.4781973	1.0	0.02557889	0.58802736	0.03530046	0.081588835	0.38801673	0.028946662	0.44316763	0.002423916	0.5954857	0.6540643	0.6303751	0.604614	0.58672595	0.4063056	0.5323603	0.33973333	0.49065644	0.04391164	0.64558405	0.50025564	0.025357433	0.52575314	0.0	0.59134215	0.63327575	0.55007786	0.022917228	0.08900804	0.32330444	0.6945316	0.055765085	0.0026975991	0.58185023	0.08111021	0.62680054	0.3402089	0.2939511	0.5925149	0.6352046	0.068010755	0.6121452	0.49722165	0.026925148	0.0018873012	0.34611288	0.026975991	0.028017242	0.59011626	0.027934462	0.01239558	0.037761115	0.48288783	0.5832919	0.655353	0.003237119	0.55741984	0.120559745	0.014281864	0.19056122	0.5300113	0.57673556	0.10128963	0.6058131	0.62869704	0.42635214	0.41890854	0.028017242	0.21733437	0.6248829	0.073347665	0.55307484	0.43530896	0.47928685	0.5966808	0.32805264	0.2791994	0.6034179	0.5279262	0.54891497	0.34255886	0.026407976	0.4849815	0.5816302	0.08997845	0.5068425	0.6245403	0.6227545	0.51370347	0.56725425	0.565396	0.53476334	0.04368932	0.31306916	0.023655914	0.5565602	0.35057014	0.042868696	0.59419394	0.030636925	0.6066258	0.0043161586	0.045442324	0.38680178	0.12087026	0.35473147	0.59333766	0.0075512407	0.5765274	0.5553329	0.005654281	0.61906457	0.038533583	0.5802946	0.5892669	0.022072678	0.60126805	0.6407825	0.035560343	0.4651253	0.0150578115	0.62322277	0.13349384	0.65245247	0.33104125	0.08949313	0.64436257	0.6212181	0.64162236	0.3293784	0.5840583	0.5477647	0.07613667	0.009703504	0.606628	0.55802417	0.5835416	0.5778248	0.12026846	0.500634	0.59354097	0.09693053	0.61377245	0.42439267	0.6047327	0.07112069	0.1502079
0.029770445	0.016333334	0.04195804	0.015721232	0.0974359	0.021333933	0.036793694	0.01920439	0.021755071	0.01270697	0.036900368	0.035308953	0.02557889	1.0	0.029237844	0.058035713	0.065162905	0.049382716	0.0883721	0.038737446	0.00862069	0.030698389	0.022509579	0.018038765	0.0177836	0.017219732	0.04503527	0.01464654	0.042615723	0.031126872	0.088709675	0.018932527	0.0371049	0.02617801	0.030431433	0.0	0.022567702	0.020170514	0.019025875	0.044198897	0.07025761	0.047587574	0.024870466	0.12142857	0.018181818	0.018002653	0.082446806	0.024215007	0.04873027	0.052553665	0.017573066	0.022102045	0.079178885	0.026876738	0.02571269	0.11764706	0.0	0.041636754	0.10382514	0.26347306	0.028144544	0.01369863	0.0	0.071428575	0.037383176	0.016581196	0.019226793	0.0088495575	0.021510001	0.04681648	0.06	0.06306306	0.028403526	0.027079303	0.06465517	0.029755935	0.020889487	0.011391094	0.040926225	0.039408866	0.068577275	0.019106999	0.07734807	0.021492679	0.041437842	0.013194352	0.020323427	0.053714287	0.0486565	0.017966291	0.03187404	0.019784173	0.041666668	0.07936508	0.029927008	0.029075805	0.0729927	0.033305228	0.019153012	0.018507918	0.02954955	0.016058395	0.01665236	0.030684501	0.086065575	0.046581972	0.051813472	0.021635164	0.04274702	0.08677686	0.022991348	0.08490566	0.030112045	0.008547009	0.06792453	0.04261954	0.04411765	0.049627792	0.02479564	0.031496063	0.024134312	0.025796661	0.007751938	0.018333333	0.0952381	0.027981812	0.018286994	0.13609467	0.018185193	0.02063423	0.1273585	0.012959812	0.103896104	0.022904737	0.0446281	0.024054984	0.041905854	0.06530612	0.021438451	0.020645728	0.02424569	0.04874746	0.02789629	0.015733982	0.10644258	0.0	0.019463224	0.025800964	0.016712612	0.017897943	0.06566604	0.034451902	0.020038785	0.049217	0.023636363	0.037809014	0.024235748	0.09117647	0.0634715
0.508845	0.49058786	0.013500164	0.4536832	0.030491803	0.60038525	0.4785036	0.54240185	0.5769743	0.38226652	0.5053795	0.5525482	0.58802736	0.029237844	1.0	0.040762655	0.09607843	0.44340506	0.033322442	0.468759	0.0026333113	0.5303897	0.6210313	0.54890895	0.51448226	0.52104706	0.47121212	0.44828615	0.3199757	0.46525759	0.053689066	0.5332054	0.51399416	0.0232482	0.4845033	0.0	0.5065577	0.52254176	0.48264137	0.027009223	0.106174454	0.32686654	0.6158179	0.06572461	0.0032992412	0.48736787	0.089484	0.5082332	0.41223067	0.32490864	0.51837176	0.60511804	0.07499185	0.5975984	0.46774912	0.03223684	0.0013175231	0.3288835	0.032651715	0.033234615	0.49860016	0.03277614	0.013820335	0.046108566	0.5158501	0.49276826	0.5574713	0.0039590895	0.5105253	0.1372677	0.017798286	0.22235835	0.48849168	0.49474457	0.11643836	0.5892621	0.5384932	0.348872	0.476017	0.030860145	0.23692404	0.5690738	0.08677145	0.50560397	0.5155636	0.3915781	0.5214257	0.35712254	0.2846651	0.4993771	0.5125236	0.4819188	0.3825121	0.030931227	0.504316	0.5844295	0.10274869	0.49071765	0.55636215	0.53319734	0.46221885	0.48178595	0.47985286	0.53839755	0.04927727	0.33956295	0.027559055	0.50558376	0.32762247	0.047931712	0.51847875	0.037438422	0.5923515	0.0052787857	0.055884287	0.45189762	0.13723578	0.380227	0.579693	0.009567799	0.59203166	0.54367507	0.0065811123	0.5334789	0.04499511	0.5123711	0.48529932	0.02698256	0.52546674	0.57473165	0.04005253	0.38586462	0.018737672	0.548307	0.1576723	0.5995768	0.34849346	0.096948504	0.50511247	0.5158063	0.6041468	0.41798607	0.5734683	0.45059976	0.091625616	0.010865986	0.5536557	0.5821653	0.49635655	0.48964897	0.142064	0.45059508	0.50995076	0.11045752	0.5386338	0.49866983	0.5413865	0.08588351	0.17998742
0.046863735	0.022344505	0.04597701	0.021566402	0.060085837	0.030132674	0.043932144	0.025872206	0.03234501	0.01733436	0.049218033	0.04741922	0.03530046	0.058035713	0.040762655	1.0	0.067599066	0.06711823	0.068	0.05704698	0.03448276	0.05061824	0.031647086	0.02535536	0.024728363	0.023689877	0.057204533	0.01988339	0.09584906	0.05117017	0.07067138	0.026612904	0.056091953	0.09047619	0.0508343	0.0	0.03369374	0.027459955	0.025109379	0.047169812	0.09865471	0.06869221	0.033687484	0.06769231	0.02112676	0.02542212	0.07317073	0.0352	0.06844627	0.084202684	0.024625069	0.031559113	0.1046832	0.040607564	0.036964435	0.09009009	0.006993007	0.09439528	0.044444446	0.07488987	0.04542278	0.053719006	0.022099448	0.05944056	0.051601425	0.022571819	0.027110927	0.03521127	0.028165985	0.0647482	0.0726257	0.06413994	0.042922672	0.042084817	0.075510204	0.043930247	0.02945806	0.015538674	0.06098219	0.033898305	0.075924076	0.026570048	0.07360406	0.03123521	0.053704623	0.017817078	0.0293345	0.05686937	0.06106322	0.024647888	0.05059869	0.026789283	0.052122515	0.067567565	0.0442575	0.04592902	0.10489511	0.055673607	0.02814499	0.02539137	0.047860768	0.021908471	0.023195876	0.04654832	0.083636366	0.053795576	0.05357143	0.029854147	0.09188801	0.07636364	0.032681357	0.06910569	0.046429828	0.034246575	0.053333335	0.05320248	0.080935255	0.058282208	0.035763036	0.03797468	0.032791186	0.040231638	0.0	0.024824008	0.06920415	0.04721635	0.025018672	0.08695652	0.024689067	0.029143106	0.088	0.017679414	0.06842105	0.034455754	0.07258064	0.034966886	0.056603774	0.0776699	0.030470913	0.029476462	0.035646774	0.055370245	0.040433925	0.021915585	0.0726817	0.011627907	0.02706582	0.034863945	0.022750776	0.025548141	0.071301244	0.059168924	0.029145077	0.12304251	0.034895834	0.05687895	0.033893634	0.08310992	0.0675
0.10389147	0.053342223	0.024930747	0.051710162	0.04819277	0.07000224	0.100808166	0.061887976	0.074987784	0.04107303	0.1268827	0.117402166	0.081588835	0.065162905	0.09607843	0.067599066	1.0	0.16283293	0.07565012	0.12453008	0.015015015	0.109118655	0.07337476	0.061263684	0.05935218	0.05553565	0.119979136	0.047519427	0.1460517	0.11556604	0.07439825	0.06430155	0.1103664	0.04511278	0.112562425	0.0	0.075556666	0.06656959	0.060064625	0.07049608	0.12251656	0.13157895	0.07793549	0.089613035	0.015243903	0.0604854	0.090277776	0.08043536	0.13793103	0.13781163	0.058257814	0.07255224	0.09074074	0.09346083	0.08203559	0.088607594	0.0	0.16272601	0.07633588	0.07730673	0.104166664	0.054761905	0.024725275	0.08869179	0.10715835	0.053638536	0.064036354	0.015151516	0.0646958	0.18361153	0.058495823	0.12840809	0.09023286	0.09761598	0.18770765	0.09304636	0.07004939	0.037177715	0.1384778	0.033492822	0.1489555	0.06184739	0.1149635	0.07318225	0.120446816	0.04221636	0.07002188	0.11380798	0.12881356	0.05948851	0.11034746	0.06309904	0.11480519	0.07323232	0.11139518	0.10137931	0.12969284	0.12080537	0.066865414	0.05986654	0.10085837	0.051735323	0.05441126	0.114117645	0.08	0.12514417	0.016786572	0.06952965	0.15785907	0.08277405	0.0776267	0.05373832	0.10247473	0.018018018	0.065539114	0.11517276	0.11756374	0.13128327	0.08059701	0.014409222	0.08097484	0.086930275	0.014450867	0.058867086	0.08752735	0.102197416	0.05814387	0.06994819	0.058801707	0.06794009	0.1031175	0.0418903	0.053908356	0.081271164	0.12980132	0.080474935	0.12922907	0.113943025	0.0718894	0.06895037	0.08232445	0.14267269	0.099704824	0.05175211	0.12820514	0.028409092	0.06539565	0.08722741	0.05406336	0.060785063	0.112834975	0.12228622	0.068118125	0.104	0.080758244	0.113625646	0.08122942	0.116981134	0.14757709
0.37283874	0.26461282	0.01983881	0.25028184	0.045232274	0.34013304	0.42756838	0.29811978	0.3427963	0.20133111	0.46364346	0.4772388	0.38801673	0.049382716	0.44340506	0.06711823	0.16283293	1.0	0.053593177	0.42391303	0.0049844235	0.39121756	0.35830387	0.29542857	0.28436458	0.28279936	0.47372955	0.23619816	0.35016212	0.38112828	0.07030303	0.3029219	0.42370313	0.033598047	0.39126083	0.0	0.3328551	0.3067973	0.2855535	0.047234308	0.14882353	0.3471797	0.38939857	0.10164334	0.005628518	0.28038776	0.12670219	0.340607	0.42911154	0.32636362	0.28503215	0.34445468	0.11884754	0.38665134	0.34146973	0.052469134	0.0018703241	0.37839103	0.05597015	0.05500618	0.38655463	0.048200123	0.019171305	0.07420924	0.45017052	0.26775676	0.31815386	0.0075093866	0.29564315	0.1885483	0.028589185	0.26633662	0.3640634	0.36342457	0.15563299	0.41671827	0.32565284	0.18393186	0.45481545	0.06821027	0.29459736	0.3097186	0.13477738	0.33601102	0.4771134	0.20930539	0.30697477	0.37505147	0.31897712	0.28129008	0.39108747	0.29012707	0.37224227	0.050030883	0.401493	0.42370182	0.15572792	0.39027828	0.31402886	0.29677418	0.3624413	0.257291	0.26199389	0.45390323	0.09856519	0.36175603	0.036607686	0.313859	0.35883424	0.0771586	0.336972	0.060848188	0.41834453	0.008119925	0.0847561	0.41209677	0.15955056	0.40874946	0.37581784	0.014971928	0.37090632	0.35783905	0.0068111457	0.28892574	0.07199032	0.38377535	0.28189528	0.047146402	0.28647754	0.32768968	0.07032696	0.20516837	0.03221809	0.35210565	0.1868377	0.38152817	0.36087134	0.12800448	0.3171111	0.31457308	0.3832898	0.41430563	0.4257548	0.25008056	0.14745146	0.017402112	0.31571457	0.38328373	0.26987123	0.2798354	0.21698113	0.39181286	0.30882353	0.1586085	0.34280068	0.39562547	0.35560176	0.14751075	0.23375931
0.039784946	0.019633943	0.017045455	0.020087477	0.07488987	0.024848891	0.039462272	0.021879273	0.027079776	0.016688062	0.04160951	0.039616346	0.028946662	0.0883721	0.033322442	0.068	0.07565012	0.053593177	1.0	0.042613637	0.027972028	0.03941829	0.025763359	0.023010546	0.023207936	0.02040451	0.04375667	0.018673439	0.062316716	0.04171586	0.06382979	0.023737678	0.04225352	0.10784314	0.041987672	0.0	0.027770828	0.027477102	0.023565184	0.042857144	0.084632516	0.051432293	0.02758443	0.061728396	0.0	0.02252508	0.05811138	0.034675915	0.062031355	0.062179957	0.022555001	0.026982637	0.07859079	0.033590138	0.034675617	0.11162791	0.0	0.06317301	0.11004785	0.10045662	0.03892944	0.05	0.011111111	0.123595506	0.038258575	0.022058824	0.025217032	0.014084507	0.024437299	0.049910873	0.05	0.06849315	0.038197845	0.033751205	0.06720977	0.036321227	0.026475208	0.015076534	0.05085653	0.016877636	0.0804829	0.023905182	0.06329114	0.027607363	0.044422507	0.017286884	0.02508726	0.056965593	0.083027184	0.024471635	0.039800994	0.025369557	0.052206673	0.06363636	0.041636232	0.034447122	0.10046729	0.04156171	0.024011899	0.021892251	0.035509326	0.01960149	0.02022626	0.036370747	0.06498195	0.065375306	0.01746725	0.028233152	0.05783972	0.06545454	0.03270565	0.07883818	0.03517938	0.01369863	0.06101695	0.046786632	0.087272726	0.05385557	0.032126326	0.012578616	0.030652344	0.031457957	0.0	0.021052632	0.07368421	0.03992995	0.02369403	0.072463766	0.020721555	0.025146326	0.076	0.017020162	0.07526882	0.03071317	0.07293355	0.028180143	0.06894554	0.07602339	0.026461113	0.027460458	0.030661646	0.05336891	0.034009155	0.020269174	0.07323232	0.023952097	0.024350317	0.032842584	0.022233713	0.02283105	0.069767445	0.05211141	0.024956971	0.06170213	0.027425615	0.049299177	0.03051127	0.089673914	0.078580484
0.5554484	0.33366403	0.017299375	0.3250201	0.03657957	0.4085603	0.3903143	0.37232006	0.40783146	0.26255122	0.4123953	0.43398058	0.44316763	0.038737446	0.468759	0.05704698	0.12453008	0.42391303	0.042613637	1.0	0.0033686238	0.48311025	0.40527147	0.3665915	0.36146352	0.34584215	0.39021778	0.3040953	0.37014562	0.5319078	0.05815603	0.37946603	0.4583046	0.02998572	0.5293149	0.0	0.44261512	0.3960195	0.35554323	0.040019285	0.1454889	0.40379298	0.41654712	0.07236842	0.004830918	0.37453184	0.100046314	0.46339622	0.35714287	0.47648084	0.3530797	0.4171903	0.09929412	0.41800642	0.39796677	0.040630974	0.0014450867	0.3915344	0.043771043	0.044582933	0.5225587	0.032531824	0.021686748	0.05516266	0.43013972	0.34334692	0.37028208	0.005311444	0.40141875	0.16451614	0.021613833	0.24588816	0.41694352	0.5136564	0.1515435	0.42962334	0.40852076	0.23825967	0.4258041	0.041089345	0.27898088	0.3644298	0.10756224	0.4050011	0.41254357	0.2731952	0.3914046	0.367779	0.3012967	0.36628225	0.6118421	0.37061447	0.41460755	0.040229887	0.48757765	0.4502495	0.13418078	0.6342456	0.37225834	0.3605214	0.49473357	0.32624456	0.34710604	0.4368932	0.060303893	0.31041813	0.03528851	0.37465388	0.37799042	0.06491647	0.4216531	0.05673077	0.4780253	0.007242878	0.06480605	0.3885395	0.15904936	0.42080745	0.40865502	0.0115662655	0.38197222	0.48062015	0.007684918	0.3566497	0.055503294	0.49103615	0.36715153	0.038961038	0.35940918	0.39974806	0.06310212	0.26726726	0.025419664	0.47045624	0.18397085	0.42314252	0.34626335	0.11409396	0.42898616	0.41618496	0.4166462	0.3668869	0.44886363	0.3237896	0.12363291	0.015406837	0.3645117	0.3847298	0.3451282	0.37377912	0.15904936	0.550163	0.40238544	0.14682353	0.46698114	0.4417544	0.43901822	0.11274976	0.20579334
0.0028818443	0.0025016677	0.016393442	0.00243309	0.058333334	0.00247191	0.004405286	0.0029417532	0.0026947574	0.00192604	0.004182156	0.004651163	0.002423916	0.00862069	0.0026333113	0.03448276	0.015015015	0.0049844235	0.027972028	0.0033686238	1.0	0.003862495	0.0023963575	0.0026902382	0.0026236882	0.0026934817	0.004369197	0.0020933014	0.003012048	0.0043668123	0.011049724	0.0030260237	0.0055427253	0.009259259	0.003878976	0.0	0.0035202415	0.0029136317	0.002473364	0.02	0.019283747	0.0040214476	0.0038920601	0.0044247787	0.0	0.0022757445	0.015873017	0.0037353255	0.0055826935	0.00754717	0.0027782922	0.003533569	0.010791367	0.0024775472	0.0033604032	0.025210084	0.0	0.0036791759	0.017699115	0.024793388	0.002793296	0.015037594	0.0	0.022346368	0.0044762758	0.0018806633	0.0024839577	0.0	0.0027963002	0.004255319	0.028571429	0.011410789	0.00492126	0.0035621761	0.009925558	0.0036887995	0.0029246344	0.0017265193	0.004352557	0.0	0.008429926	0.0028191702	0.013377926	0.0028395646	0.0075604836	0.0019796754	0.0030647987	0.0063001146	0.007423905	0.0027808677	0.0038610038	0.0029994	0.0054704593	0.00862069	0.0036697248	0.0038260869	0.008547009	0.004248088	0.0032003415	0.0026732862	0.005079826	0.0024342746	0.0024050851	0.0039635357	0.022988506	0.006123699	0.0	0.0031927023	0.0043010754	0.0057142857	0.0029710324	0.014184397	0.0035149385	0.0	0.020833334	0.004712042	0.008385744	0.0062695923	0.003003003	0.023255814	0.0034174554	0.0033516148	0.0	0.0025935532	0.027173912	0.003871876	0.002613891	0.029411765	0.0027855153	0.0032629976	0.013333334	0.0019643793	0.0375	0.0028705637	0.0055350554	0.0026476039	0.005820722	0.013986014	0.0034650036	0.0024181139	0.0026990552	0.0041208793	0.0046189376	0.0024350649	0.0032573289	0.0	0.0026661197	0.0036952815	0.0018955712	0.0020960367	0.0041753654	0.004968383	0.0030218002	0.007915568	0.0036458333	0.0039100684	0.0035921526	0.014285714	0.009628611
0.58560425	0.415608	0.011145273	0.40118513	0.03413886	0.5163934	0.40877396	0.4507175	0.5068989	0.3256646	0.4077381	0.46258503	0.5954857	0.030698389	0.5303897	0.05061824	0.109118655	0.39121756	0.03941829	0.48311025	0.003862495	1.0	0.5084897	0.4582397	0.4474502	0.4255989	0.3967047	0.373685	0.41751453	0.5108148	0.054002296	0.48415667	0.5129104	0.031587057	0.5727356	0.0	0.509434	0.4838321	0.42018482	0.029683886	0.11749049	0.38568994	0.5201889	0.075798385	0.003869969	0.45068341	0.086498685	0.52480733	0.37422892	0.37658674	0.43579137	0.4946378	0.08530084	0.54250795	0.4377191	0.035	0.0023192887	0.41627654	0.036693703	0.03576923	0.5608147	0.033244174	0.0154202	0.051585786	0.46827334	0.42141652	0.466271	0.0046439627	0.44446665	0.16157372	0.019297568	0.21828808	0.49231586	0.59168774	0.13761468	0.54371357	0.48530966	0.29652634	0.42741674	0.030221881	0.29537106	0.45930794	0.09576497	0.45822623	0.4081381	0.3357434	0.4985331	0.34056398	0.30997664	0.4439819	0.549925	0.43519396	0.35474947	0.03347441	0.5119726	0.54357666	0.11992337	0.5537008	0.48176074	0.46031746	0.50904465	0.40295157	0.42320067	0.5085748	0.055726364	0.31625	0.027554534	0.45439366	0.44049346	0.049713194	0.5038619	0.04187476	0.58642876	0.0061919503	0.057361376	0.40206185	0.1588146	0.39645365	0.48501426	0.009269988	0.47007367	0.52855283	0.0061633284	0.44374096	0.047872342	0.59581983	0.46098638	0.031237949	0.43327338	0.4763569	0.04573405	0.33159608	0.02157165	0.55141544	0.168042	0.5267836	0.36326143	0.1003663	0.5143483	0.49360988	0.5282101	0.33653846	0.48912466	0.40016013	0.10356732	0.0139157325	0.44311145	0.47058824	0.42398506	0.45366758	0.14834337	0.5257798	0.4841629	0.13021831	0.5170052	0.45514637	0.4856253	0.09143076	0.18684873
