1.0	0.9909693083175213	0.47102315760389185	0.974784025929643	0.46632002591761806	0.9698403835528382	0.8137635324122903	0.967061435198483	0.9590890019268381	0.9909693083175213	0.798886116233907	0.8768445832895817	0.9590890019268381	0.48049271185335873	0.9698403835528382	0.9590890019268381	0.7692903843135604	0.5	0.5	0.9330768141237762	0.4713594779312197	0.9688597347110086	0.9590890019268381	0.9909693083175213	0.974784025929643	0.9698403835528382	0.7594645663781743	0.9909693083175213	0.9590890019268381	0.956538061916152	0.460677195780892	0.9909693083175213	0.9652800427454895	0.7745540375163489	0.9909693083175213	0.46820202124066684	0.9688597347110086	1.0	0.9688597347110086	0.7744750806154057	0.7394426275348138	0.9106232590027001	0.9698403835528382	0.902476081032209	0.5	1.0	0.478560160413442	0.9909693083175213	0.8776575550380749	0.9582344083467617	0.974784025929643	0.9489284920634095	0.46847583428649087	0.9590890019268381	0.9482681891676354	0.5	0.4678149606124355	0.9590890019268381	0.5	0.48049271185335873	0.9590890019268381	0.4799779155624331	0.4243733619036576	0.6024583910498404	0.8726384467368327	0.9706902925537331	0.9590890019268381	0.47046141178693107	0.9698403835528382	0.5	0.4653909102420567	0.5	0.9340818519745221	1.0	0.9218667695182725	0.9590890019268381	0.974784025929643	1.0	0.9330768141237762	0.47552518224217366	0.5	0.967061435198483	0.4807816842399664	0.9652800427454895	0.5	1.0	0.9706902925537331	0.9007838065765107	0.8297212578082105	1.0	0.9909693083175213	0.9713609342443168	0.9489284920634095	0.4816761635253666	0.9340572884416161	0.9167671648262321	0.9049663974061553	0.9909693083175213	0.9909693083175213	1.0	0.9555019668441153	0.9909693083175213	1.0	0.8650762438484524	0.48259266626006025	0.9482681891676354	0.42703296457381684	0.9475025347713032	0.9191280652827358	0.5	0.9688597347110086	0.9002349678815567	0.9489284920634095	0.4587982109082312	0.4761101803262129	0.9489284920634095	0.9049663974061553	0.9358297998113053	0.967061435198483	0.44241247063484546	0.967061435198483	0.9590890019268381	0.49438568179137016	0.9713609342443168	0.4699439353169144	0.9590890019268381	0.9909693083175213	0.4805352502878055	0.967061435198483	0.9489284920634095	0.8851687522240314	0.9909693083175213	0.48533627351567926	0.9698403835528382	0.9049663974061553	0.9590890019268381	0.9360949571146622	0.5	1.0	0.9909693083175213	0.9590890019268381	0.5	0.9489284920634095	0.9909693083175213	0.6856938650128164	0.5	0.967061435198483	0.967061435198483	0.9706902925537331	0.9909693083175213	0.5	0.9590890019268381	0.9632867487225489	0.9218667695182725	0.9582344083467617	0.9049663974061553	0.974784025929643	0.7099491674981506	0.5
0.9909693083175213	1.0	0.5	1.0	0.48283727629561596	1.0	0.9811595616428515	1.0	1.0	1.0	0.9867333103897571	0.9758802538609956	1.0	0.5	0.9867333103897571	0.9590890019268381	0.9529421079746123	0.9867333103897571	0.4881064391189284	0.9709958704289865	0.4898120075562135	0.9835177810042335	1.0	1.0	1.0	1.0	0.9766877572352789	1.0	0.9590890019268381	0.9663275778748818	0.9122611995752474	1.0	0.9835177810042335	0.8661883457111405	0.9909693083175213	0.48070417353953804	1.0	1.0	1.0	0.9003702225473431	0.964255470659295	0.9435817694464612	0.9920073746356083	0.981111179636379	0.8817230947021528	1.0	0.6932152387836064	1.0	0.9683937546634102	0.9759158042708822	1.0	1.0	0.5	1.0	0.9872072887757378	0.5	0.46253845376636854	0.9590890019268381	0.5	0.5	1.0	0.4799779155624331	0.4482816282938241	0.5551215653866763	0.986117229419112	1.0	0.9948412250172811	0.5	1.0	0.9166876531983279	0.8662483054849404	0.5674759415406705	0.9825768407230321	1.0	0.9218667695182725	0.9886215835853907	1.0	1.0	0.9853216332612096	0.5	0.9793258925100423	1.0	0.9683502315605921	1.0	0.9814799762409183	1.0	1.0	0.9696019340308468	0.9909693083175213	1.0	1.0	1.0	0.9813765411706324	0.5	0.9872072887757378	0.9853216332612096	0.9049663974061553	1.0	1.0	1.0	0.9592106046079844	1.0	1.0	0.9894607209421411	0.9023820605857169	0.9574205411919362	0.5	0.9872072887757378	0.9599757038591025	0.9500678034731553	1.0	0.8401588205440839	0.9862727392528725	0.4771563439371513	0.6382736983584832	1.0	0.9049663974061553	0.9624403073316914	0.9874562432796177	0.44745291164567275	0.9882648252573694	0.9848631842288836	0.497355526185577	1.0	0.4955466657829418	0.9848493257533925	1.0	0.8080465440214821	1.0	1.0	0.8851687522240314	1.0	0.490931882217279	1.0	0.9731376402389729	0.9913666266337182	0.9505793852195331	0.9420071030548169	1.0	1.0	1.0	0.9814520022422215	1.0	1.0	0.968780310189217	0.45084762911559745	1.0	0.9873053046603651	1.0	1.0	0.9782625406438004	0.9731376402389729	0.9941846090592574	0.9218667695182725	0.9948199881257396	0.9782383743212887	0.9961242530622925	0.95967605299134	0.9083264706719695
0.47102315760389185	0.5	0.9247859102030572	0.47953731388153026	0.41280081961317444	0.5	0.457319981434151	0.5	0.4602226292742167	0.5	0.4588700327204993	0.4482172764108334	0.4689055004048234	0.46791800045858595	0.4602226292742167	0.36840102738777003	0.44790659180087367	0.457319981434151	0.4258314763502557	0.46798108883063516	0.4004678075069628	0.47634202983271184	0.5	0.5	0.47634202983271184	0.5	0.4433259229446319	0.5	0.44555587408103314	0.47634202983271184	0.4433259229446319	0.47634202983271184	0.5	0.4017258294720215	0.47634202983271184	0.4024261042894238	0.47953731388153026	0.47953731388153026	0.47102315760389185	0.4494685011084521	0.45159058159188836	0.45159058159188836	0.5	0.430715098432487	0.4017258294720215	0.5	0.4362386797792759	0.47953731388153026	0.44374434085435244	0.47102315760389185	0.5	0.46965050127195673	0.4400688757929132	0.4588618411494101	0.46250530683212404	0.4270051772790584	0.45486406187364326	0.4344621467404929	0.4199062155142965	0.43389649835956684	0.45159058159188836	0.4500680328639802	0.3467179972564346	0.4471319200016779	0.4511066358533835	0.47634202983271184	0.5	0.4305597611679243	0.47102315760389185	0.45641541374868055	0.45033725708257216	0.4646772917189206	0.46885235192825875	0.47102315760389185	0.44635629229927043	0.47584823600063403	0.47634202983271184	0.6031619311098126	0.44465801923717885	0.38130603374908617	0.43354432829440964	0.46516693716060986	0.47584823600063403	0.47102315760389185	0.4482172764108334	0.5	0.47634202983271184	0.45103024673553826	0.4465395898751653	0.5	0.47102315760389185	0.47634202983271184	0.46484296874745534	0.3747701451704581	0.46503309654529695	0.5	0.44690852211140747	0.47102315760389185	0.5	0.5	0.47634202983271184	0.5	0.47634202983271184	0.5	0.4482172764108334	0.4629692411614257	0.3149763237498872	0.47634202983271184	0.44790659180087367	0.4486168827532826	0.47634202983271184	0.36484416932317165	0.4588618411494101	0.4377498013433479	0.4328468833351759	0.45700374448701714	0.42962746972352767	0.4769499804716538	0.5	0.3760541579569344	0.46306023395430573	0.47634202983271184	0.3645849426811356	0.5	0.40318564885859265	0.46503309654529695	0.47953731388153026	0.45706853842627054	0.5	0.46965050127195673	0.47102315760389185	0.5	0.44772893577164946	0.47634202983271184	0.4344621467404929	0.5	0.4601775392969207	0.45103024673553826	0.47634202983271184	0.5	0.47102315760389185	0.44790659180087367	0.5	0.5	0.44482584302693173	0.4102369401483555	0.5	0.46306023395430573	0.47634202983271184	0.5	0.4482172764108334	0.4540709815691493	0.47634202983271184	0.44635629229927043	0.4738004792483611	0.4573999933315802	0.5	0.4482172764108334	0.45519323608149914
0.974784025929643	1.0	0.47953731388153026	1.0	0.4839999844787918	1.0	0.9811595616428515	1.0	1.0	1.0	0.9683937546634102	0.9569597435920583	1.0	0.8330756159158019	0.981111179636379	0.9590890019268381	0.9225910823838234	0.9766685974034492	0.9159584829386872	0.9696019340308468	0.4909918723774065	0.9835177810042335	1.0	1.0	1.0	0.9909693083175213	0.9529162811958463	1.0	0.9590890019268381	1.0	0.9122611995752474	1.0	0.9835177810042335	0.6977765710540181	0.9890925838418656	0.49051025953985883	1.0	0.9941846090592574	1.0	0.7920215427773978	0.8819209370733767	0.9337521806614344	0.986117229419112	0.981111179636379	0.8817230947021528	1.0	0.9066553875769688	0.9912828663651579	0.9683937546634102	0.9696019340308468	1.0	1.0	0.5503307842502021	0.9862727392528725	1.0	0.9672182339675252	0.4789561897700702	0.9590890019268381	0.7809158329861202	0.5	0.9809703003101592	0.8165197778548848	0.4780785842317826	0.9667591227817001	0.986117229419112	1.0	1.0	0.5	1.0	0.8679793238827939	0.5	0.9382864368366401	0.9905108062345012	0.9909693083175213	0.9218667695182725	0.9863715691800868	1.0	1.0	0.9638239201353946	0.4770715793936024	0.9793258925100423	1.0	0.8177438351135833	1.0	0.9759296512921869	1.0	1.0	0.9824774953998175	0.9824774953998175	1.0	1.0	1.0	0.9696019340308468	0.5	1.0	0.9714023105567009	0.8913575957970697	1.0	1.0	1.0	1.0	1.0	1.0	0.9809705783180418	0.4878387052025447	0.9698670341259013	0.5	1.0	0.9605266782990443	0.8594922517927804	0.9941846090592574	0.5	1.0	0.4824414111350585	0.8084566144976439	1.0	0.9396289498919845	0.9420772926742221	0.9862727392528725	0.45415919067660865	0.9842667437566173	0.9816380764640116	0.494430221687186	0.990933712255091	0.4911323331056962	1.0	1.0	0.5	1.0	1.0	0.9890755098016883	1.0	0.4921882811030353	1.0	0.9615128837336315	1.0	0.9636162289374067	0.9420071030548169	1.0	1.0	1.0	0.9506002728917007	0.9888879611742954	1.0	0.9099307722153638	0.5	0.9899018154489605	0.9842667437566173	1.0	1.0	0.891911136622819	0.9645476159372484	1.0	0.9218667695182725	0.9909693083175213	0.964050197196958	0.99096215263688	0.9065595054818565	0.6905512764275956
0.46632002591761806	0.48283727629561596	0.41280081961317444	0.4839999844787918	0.8925112263162216	0.48283727629561596	0.4576616652412374	0.48283727629561596	0.47066641438131973	0.5	0.4621801719335858	0.4637046519257334	0.47002617423270565	0.429592994703447	0.48262995132022707	0.39344357542570224	0.4071180143837799	0.45651431111730867	0.4554595981125497	0.44602032770473676	0.31939988784131623	0.47002617423270565	0.48283727629561596	0.48283727629561596	0.48283727629561596	0.5	0.4550947743524893	0.4839999844787918	0.4514332587718168	0.464590334950513	0.43604794837083904	0.48262995132022707	0.46632002591761806	0.40794215537521267	0.4564716657968067	0.37774305494794885	0.46879316562985396	0.47002617423270565	0.5	0.447335692076399	0.43080226323109794	0.4484066162568665	0.48283727629561596	0.44842630781250065	0.40794215537521267	0.47002617423270565	0.4489541802818336	0.4637046519257334	0.48283727629561596	0.46632002591761806	0.47555030311543744	0.47002617423270565	0.40125712884195264	0.47048543859180736	0.47555030311543744	0.47555030311543744	0.3559265502578337	0.4514332587718168	0.3769732915013455	0.429592994703447	0.47002617423270565	0.35517982050644836	0.37840571733207834	0.5	0.48283727629561596	0.48283727629561596	0.4721356874659796	0.39131233285795924	0.4637046519257334	0.4637046519257334	0.4353004549099732	0.4298734984701571	0.483277211252688	0.47002617423270565	0.4094802266513287	0.47048543859180736	0.480171162415349	0.5	0.43941366171025986	0.2653827385997646	0.43769448593158755	0.4813387810499848	0.4466482922523369	0.47555030311543744	0.4466482922523369	0.8198319211377716	0.47002617423270565	0.46446787668889916	0.47555030311543744	0.47002617423270565	0.47002617423270565	0.5	0.47066641438131973	0.4230188549860836	0.47555030311543744	0.47852304556250796	0.4514332587718168	0.47002617423270565	0.48283727629561596	0.48283727629561596	0.4514332587718168	0.5	0.4839999844787918	0.4637046519257334	0.3256543755559679	0.47555030311543744	0.3909144474079638	0.8925112263162216	0.45813382347459364	0.4499163608912982	0.48283727629561596	0.3592221074018248	0.48283727629561596	0.39349446088194956	0.45017646324387367	0.44028143636564226	0.4514332587718168	0.447335692076399	0.47067162301869586	0.36674768216115194	0.47011084069620873	0.47002617423270565	0.35369786248096424	0.4817017441653457	0.4298734984701571	0.458526900610786	0.5	0.40764186116204604	0.48283727629561596	0.48283727629561596	0.4493539998885225	0.5	0.5	0.47002617423270565	0.43080226323109794	0.48283727629561596	0.4639250613311434	0.47555030311543744	0.47555030311543744	0.47002617423270565	0.48262995132022707	0.4637046519257334	0.47048543859180736	0.47288531865957456	0.4354675450889746	0.35507086228712925	0.48262995132022707	0.47011084069620873	0.48283727629561596	0.47002617423270565	0.47002617423270565	0.46997937624015784	0.47117655233895	0.4094802266513287	0.4637046519257334	0.48262995132022707	0.47475842326072876	0.44000931831223733	0.4628681141451224
0.9698403835528382	1.0	0.5	1.0	0.48283727629561596	1.0	0.9811595616428515	1.0	1.0	1.0	0.9867333103897571	0.9758802538609956	1.0	0.5	0.9867333103897571	0.9590890019268381	0.9529421079746123	0.9867333103897571	0.48247749539981755	0.9699689532911651	0.4801271106365371	0.981111179636379	1.0	1.0	1.0	1.0	0.9655837952252888	1.0	0.9590890019268381	0.9663275778748818	0.9122611995752474	1.0	0.9804650080111541	0.8661883457111405	0.981111179636379	0.48070417353953804	0.9816027537239278	1.0	1.0	0.7920215427773978	0.6915897226435157	0.9435817694464612	0.9867333103897571	0.981111179636379	0.8817230947021528	1.0	0.6932152387836064	1.0	0.9683937546634102	0.9759158042708822	1.0	1.0	0.48737004307258686	0.9894607209421411	0.9696019340308468	0.5	0.45750266899290687	0.9590890019268381	0.5	0.5	1.0	0.4799779155624331	0.4348427870798785	0.4920073746356083	0.986117229419112	1.0	0.9948412250172811	0.4804585519184466	1.0	0.896824244928362	0.4856495176875836	0.5	0.9631329222861185	0.981111179636379	0.9218667695182725	0.9814799762409183	1.0	1.0	0.9853216332612096	0.4745053599622008	0.9793258925100423	1.0	0.9683502315605921	1.0	0.9814799762409183	1.0	1.0	0.9696019340308468	0.9574205411919362	1.0	0.9759158042708822	1.0	0.9813765411706324	0.48234288312972046	0.981111179636379	0.9853216332612096	0.9049663974061553	0.9759158042708822	1.0	1.0	0.9592106046079844	1.0	1.0	0.9894607209421411	0.9023820605857169	0.9574205411919362	0.4301317510642041	0.9793258925100423	0.9599757038591025	0.8527161702683106	0.986117229419112	0.48466183801721247	0.9849715007763444	0.4771563439371513	0.6382736983584832	1.0	0.9049663974061553	0.9358297998113053	0.9867333103897571	0.44745291164567275	0.9853216332612096	0.9848631842288836	0.48704385586865473	1.0	0.4955466657829418	0.9722316109539251	1.0	0.4805352502878055	1.0	1.0	0.8851687522240314	1.0	0.490931882217279	0.9903651384112795	0.9731376402389729	0.9867333103897571	0.9505793852195331	0.9420071030548169	0.9834614112577351	0.9763420298327119	1.0	0.9814520022422215	0.9894607209421411	1.0	0.968780310189217	0.45084762911559745	0.9867333103897571	0.9853216332612096	1.0	1.0	0.9782625406438004	0.9731376402389729	0.9941846090592574	0.9218667695182725	0.9941846090592574	0.9731376402389729	0.9852916074211125	0.9368327761250167	0.9083264706719695
0.8137635324122903	0.9811595616428515	0.457319981434151	0.9811595616428515	0.4576616652412374	0.9811595616428515	0.9881553455159847	0.9811595616428515	0.9803610678423813	0.9811595616428515	0.9252464418083672	0.9283100984564531	0.9612181794764263	0.5	0.9626774638334271	0.45552084841486445	0.5	0.9611929504960777	0.49208330504842895	0.9283100984564531	0.4742428000512293	0.9283205451655111	0.9803610678423813	0.9811595616428515	0.9809520082829398	0.9881553455159847	0.8918803232174725	0.9811595616428515	0.5	0.6313397758931043	0.4820920869400238	0.9811595616428515	0.5802621144428288	0.44542224367354927	0.7675537216974728	0.48224360669171035	0.9727655042260681	0.9612181794764263	0.9511769248353251	0.4773794970732529	0.48690971259603966	0.5	0.9811595616428515	0.8257698551502071	0.44542224367354927	0.9727655042260681	0.45609386736687063	0.9672463934610203	0.9268408735017944	0.4946791557971547	0.9811595616428515	0.9803610678423813	0.46535081051363275	0.9803610678423813	0.6800663649198775	0.49208330504842895	0.4449351060791551	0.5	0.4775141022391206	0.5	0.9283100984564531	0.4789583739891484	0.4312455770864092	0.49208330504842895	0.9612181794764263	0.9811595616428515	0.9803610678423813	0.4695815446305341	0.9809520082829398	0.5195409739992349	0.4856495176875836	0.5	0.8929380055936802	0.7829921372992683	0.5	0.9499883082229615	0.9809520082829398	0.9881553455159847	0.9810259487921182	0.46264475877016276	0.4896594997271524	0.9811595616428515	0.5	0.9319537583256325	0.9626774638334271	0.9811595616428515	0.9672463934610203	0.7302252958360184	0.49208330504842895	0.9612181794764263	0.8891865196401992	0.9283205451655111	0.4946791557971547	0.48159830921735935	0.9546823401385831	0.9693486950739081	0.4827600074155875	0.7829921372992683	0.9811595616428515	0.9811595616428515	0.8891865196401992	0.9811595616428515	0.9811595616428515	0.9612181794764263	0.4791739278656095	0.5	0.4192674364824743	0.9745011695472289	0.4795687033891434	0.8979676851887859	0.9612181794764263	0.4773794970732529	0.9438928641481046	0.4720249414945134	0.5	0.8965436061180353	0.4894810873201296	0.5	0.9811595616428515	0.42369310356622086	0.9811595616428515	0.9283100984564531	0.48411496709282115	0.9811595616428515	0.4934923960108702	0.5748421819631134	0.9810259487921182	0.4721040316592922	0.9811595616428515	0.9809520082829398	0.47340438762611187	0.9809520082829398	0.4801827788657312	0.9672463934610203	0.5748421819631134	0.9803610678423813	0.5	0.48581821162529565	0.9643321034872674	0.9283100984564531	0.9811595616428515	0.8639508481317576	0.9810259487921182	0.9811595616428515	0.5	0.44495035798907556	0.9811595616428515	0.9811595616428515	0.9811595616428515	0.9643321034872674	0.9206189222696686	0.5	0.9672463934610203	0.5	0.7675537216974728	0.8585335533726836	0.9809520082829398	0.8041675925626046	0.48317977061188355
0.967061435198483	1.0	0.5	1.0	0.48283727629561596	1.0	0.9811595616428515	1.0	1.0	1.0	0.9849715007763444	0.9758802538609956	1.0	0.5	0.9852182991166964	0.9590890019268381	0.9529421079746123	0.9810426374239946	0.4931688865400874	0.9382299406234812	0.49181103534284637	0.9835177810042335	1.0	1.0	1.0	1.0	0.9740036419778215	1.0	0.9590890019268381	0.9663275778748818	0.8372701825609481	1.0	0.9835177810042335	0.8661883457111405	0.981111179636379	0.4830360913464775	1.0	1.0	1.0	0.8695049696112206	0.7016516657518057	0.9435817694464612	0.9920073746356083	0.981111179636379	0.8817230947021528	1.0	0.5	1.0	0.976981177609316	0.9505793852195331	1.0	1.0	0.5	0.9862727392528725	0.9544728274198383	0.4931688865400874	0.46435879460277263	0.9590890019268381	0.7809158329861202	0.5	1.0	0.4799779155624331	0.4408212365053444	0.5	0.9782625406438004	1.0	0.9889148436877306	0.4824407684558739	1.0	0.896824244928362	0.6935641531637271	0.5	0.9825768407230321	0.981111179636379	0.9218667695182725	1.0	1.0	1.0	0.9853216332612096	0.5	0.9793258925100423	1.0	0.8633625969862886	1.0	0.9814799762409183	1.0	1.0	0.9428460860610315	0.9428460860610315	1.0	1.0	1.0	0.9813765411706324	0.5	0.981111179636379	0.9853216332612096	0.9133758454181664	1.0	1.0	1.0	0.9592106046079844	1.0	1.0	0.9782625406438004	0.5	0.934180037138202	0.4301317510642041	0.9835177810042335	0.9599757038591025	0.8759210954575802	1.0	0.5	0.9862727392528725	0.5	0.6382736983584832	1.0	0.9396289498919845	0.9499749024070537	0.9881775951012517	0.44745291164567275	1.0	0.9848631842288836	0.49106756260058665	1.0	0.4808529715519825	1.0	1.0	0.5	1.0	1.0	0.8148072270711852	1.0	0.49390632539078816	1.0	0.9731376402389729	1.0	0.9505793852195331	0.5	1.0	1.0	1.0	0.9814520022422215	0.9853216332612096	1.0	0.968780310189217	0.44495035798907556	1.0	1.0	1.0	1.0	0.9782625406438004	0.9731376402389729	1.0	0.9218667695182725	0.9941846090592574	0.97863819518688	0.9852916074211125	0.9515474738579126	0.5
0.9590890019268381	1.0	0.4602226292742167	1.0	0.47066641438131973	1.0	0.9803610678423813	1.0	1.0	1.0	0.9849715007763444	0.9758802538609956	1.0	0.48536129971600034	0.9814799762409183	0.9590890019268381	0.8981579712898694	0.9592801237081993	0.4866021836489681	0.9283100984564531	0.48885846581752423	0.9643547064961858	1.0	1.0	1.0	1.0	0.9655837952252888	1.0	0.9590890019268381	0.9663275778748818	0.8764093805543733	1.0	0.9770249344207191	0.8310186010364843	0.9708534812156695	0.4802309503506512	0.9784539384830472	1.0	1.0	0.5	0.5	0.9435817694464612	0.9849715007763444	0.896824244928362	0.4660189402195174	1.0	0.4646825831273499	1.0	0.976981177609316	0.9068493474332875	1.0	1.0	0.4750973791473009	1.0	0.9587343860835701	0.5	0.4738643811076983	0.9590890019268381	0.8084275240614136	0.48536129971600034	1.0	0.49116918014865046	0.4305441646499373	0.4920073746356083	0.9782625406438004	1.0	1.0	0.4751729095329983	1.0	0.896824244928362	0.49429989919172157	0.5	0.977305465145965	0.9631917044851991	0.8216224372895606	0.9902845377601637	1.0	1.0	0.9334473066202149	0.4745053599622008	0.6341746193235396	1.0	0.9703861398236173	1.0	0.9814799762409183	1.0	1.0	0.8914241250595754	0.6977290386242949	1.0	0.9590890019268381	1.0	0.9813765411706324	0.4887847012908504	0.955576818885526	0.9835321093597621	0.9049663974061553	0.9590890019268381	1.0	1.0	0.9592106046079844	1.0	1.0	0.9894607209421411	0.5	0.8858304943187874	0.4309433969187524	0.9727378093805372	0.9592106046079844	0.5567348203075615	1.0	0.5	0.9862727392528725	0.4720249414945134	0.5	1.0	0.9537292244208057	0.9420772926742221	0.9862727392528725	0.5	0.9902845377601637	0.9831298525454026	0.494430221687186	1.0	0.4902994438033256	0.9810597332468908	1.0	0.4837869723125159	1.0	1.0	0.8260627326793855	1.0	0.48533627351567926	0.9868331823591658	0.9731376402389729	0.9849715007763444	0.838244822440569	0.4889903277703833	0.9887220026705197	1.0	1.0	0.969526075226198	1.0	1.0	0.9435532550841839	0.5	0.9862727392528725	0.9902845377601637	1.0	1.0	0.9782625406438004	0.9731376402389729	1.0	0.8216224372895606	0.9680378008828484	0.9731376402389729	0.9835321093597621	0.8242611158016632	0.9084714847817161
0.9909693083175213	1.0	0.5	1.0	0.5	1.0	0.9811595616428515	1.0	1.0	1.0	0.9745625207564836	0.9722809302356461	1.0	0.9256853747428612	0.9871572312959664	0.9590890019268381	0.9225910823838234	0.9766206468679923	0.9610434013853718	0.9709958704289865	0.5	0.9903829998107732	1.0	1.0	1.0	1.0	0.9729851338433066	1.0	0.9590890019268381	1.0	0.9122611995752474	1.0	0.9846618380172125	0.8661883457111405	1.0	0.4917429525494877	1.0	1.0	1.0	0.9003702225473431	0.964255470659295	0.9560262158497959	0.9920073746356083	0.981111179636379	0.8817230947021528	1.0	0.9066553875769688	1.0	0.9683937546634102	0.9696019340308468	1.0	1.0	0.8885654746066695	1.0	1.0	0.9672182339675252	0.48068026837862554	0.9590890019268381	0.8084275240614136	0.5855459797009455	1.0	0.8165197778548848	0.4780785842317826	0.9581919052153507	0.986117229419112	1.0	1.0	0.5	1.0	0.923593198705768	0.8662483054849404	0.9940822494738369	1.0	1.0	0.9218667695182725	1.0	1.0	1.0	0.9754934738653177	0.477196841687023	0.9793258925100423	1.0	0.9870076297690689	1.0	0.9941846090592574	1.0	1.0	0.9824774953998175	0.9909693083175213	1.0	1.0	1.0	0.9813765411706324	0.6097358850308279	1.0	0.987392382724174	0.9771523307796006	1.0	1.0	1.0	1.0	1.0	1.0	0.9808237947049563	0.5	0.9869758711554528	0.5	1.0	0.9599757038591025	0.9754740944592559	1.0	0.9002349678815567	1.0	0.486398900532105	0.8084566144976439	1.0	0.9537292244208057	0.9624403073316914	0.9881775951012517	0.5	1.0	0.9848631842288836	0.497355526185577	1.0	0.61076944800329	1.0	1.0	0.9663230159622518	1.0	1.0	0.8895942229154743	1.0	0.5	1.0	0.9731376402389729	1.0	0.9694200177143928	0.9420071030548169	1.0	1.0	1.0	0.969526075226198	1.0	1.0	0.9392947736910515	0.5	1.0	1.0	1.0	1.0	0.9782625406438004	0.9731376402389729	1.0	0.9218667695182725	0.9948199881257396	0.97863819518688	0.9961242530622925	0.962434935409072	0.9321338635280063
0.798886116233907	0.9867333103897571	0.4588700327204993	0.9683937546634102	0.4621801719335858	0.9867333103897571	0.9252464418083672	0.9849715007763444	0.9849715007763444	0.9745625207564836	0.9867333103897571	0.9676592484776043	0.9867333103897571	0.47845708280631793	0.9867333103897571	0.42982142212308283	0.8813830098306871	0.9867333103897571	0.47266145413398253	0.6943346016714192	0.47405360176396927	0.9599757038591025	0.9867333103897571	0.9867333103897571	0.9867333103897571	0.9867333103897571	0.9655837952252888	0.9867333103897571	0.5	0.8387036310800027	0.46340332670074746	0.9867333103897571	0.5	0.4461081938561314	0.9682346562146817	0.45588624947386647	0.9618079966877202	0.9693744578720501	0.9633413225830803	0.5	0.4920073746356083	0.5	0.9867333103897571	0.5	0.4378031478747847	0.9682346562146817	0.4720507105797701	0.9693744578720501	0.9683937546634102	0.48276306556030824	0.9867333103897571	0.9849715007763444	0.48737004307258686	0.9849715007763444	0.7652491100194567	0.46015289575813234	0.4411633993399145	0.5	0.48922777547703356	0.47845708280631793	0.9207719324835337	0.4172583852812027	0.4268516035562366	0.5	0.9616520568979573	0.9867333103897571	0.9867333103897571	0.4751729095329983	0.9210358526266117	0.5	0.4532547461737381	0.4926779869046276	0.5	0.798886116233907	0.4782625406438004	0.9745625207564836	0.9867333103897571	0.9867333103897571	0.9334473066202149	0.46942801103905074	0.4920073746356083	0.9867333103897571	0.48862158358539065	0.9867333103897571	0.9616520568979573	0.9867333103897571	0.9745625207564836	0.5	0.48062271222881814	0.9867333103897571	0.5	0.8874180177380249	0.5	0.48055096157101035	0.8762169459025979	0.9641106691352275	0.47872478503971266	0.5	0.9867333103897571	0.9867333103897571	0.9463659193269409	0.9867333103897571	0.9849715007763444	0.9568076320024209	0.5	0.5	0.42332821310699154	0.8960842833759567	0.9599757038591025	0.48792547290674054	0.8762169459025979	0.4754934738653177	0.9849715007763444	0.44412681273513094	0.5	0.9279032035295003	0.5	0.5	0.9867333103897571	0.4105998795101978	0.9849715007763444	0.9599757038591025	0.4830873906291712	0.9867333103897571	0.4597438812967892	0.8960842833759567	0.9618079966877202	0.4846019630549698	0.9867333103897571	0.9849715007763444	0.479699157325642	0.9745625207564836	0.4836308893180545	0.9553345523208779	0.9132402046474748	0.9867333103897571	0.5	0.48581821162529565	0.9599757038591025	0.9682346562146817	0.9745625207564836	0.9391406004329348	0.9651578615404349	0.9745625207564836	0.9435532550841839	0.43718836188223026	0.9867333103897571	0.9849715007763444	0.9867333103897571	0.9682346562146817	0.6741106453324779	0.7774682999639903	0.9618079966877202	0.4782625406438004	0.8762169459025979	0.9509063136531621	0.9641106691352275	0.8311912888418014	0.754452190326137
0.8768445832895817	0.9758802538609956	0.4482172764108334	0.9569597435920583	0.4637046519257334	0.9758802538609956	0.9283100984564531	0.9758802538609956	0.9758802538609956	0.9722809302356461	0.9676592484776043	0.9849909787719376	0.9849909787719376	0.4739238322598475	0.9704901353937089	0.42005067592820816	0.7162101319882053	0.9678858737741765	0.48566581318998986	0.9283100984564531	0.47298496617709185	0.9648971089111336	0.9758802538609956	0.9849909787719376	0.9849909787719376	0.9758802538609956	0.8883221361394461	0.9849909787719376	0.5	0.9365717747822222	0.4473591393348487	0.9849909787719376	0.9332181929117083	0.4657069437914315	0.9365717747822222	0.47174439504084653	0.9522932667290721	0.9463779443945237	0.9590407848774075	0.4754934738653177	0.4920073746356083	0.5	0.9676592484776043	0.5	0.4657069437914315	0.9626217712615321	0.4557427173232563	0.9648971089111336	0.8891546165850985	0.5	0.9758802538609956	0.9758802538609956	0.7632534065534318	0.9676592484776043	0.8793246386658844	0.48006926162361163	0.45147173364120824	0.7162101319882053	0.9502566956807097	0.4739238322598475	0.9463779443945237	0.4640298061893403	0.4073802816513937	0.4920073746356083	0.9704901353937089	0.9849909787719376	0.9758802538609956	0.47685060609856417	0.9590407848774075	0.6604950788683425	0.4856495176875836	0.5	0.829949133213145	0.9365717747822222	0.5	0.9758802538609956	0.9849909787719376	0.9849909787719376	0.8882769578803333	0.4740036419778215	0.6104196713339546	0.9757220255628547	0.4763004025664741	0.9135031807018583	0.9704901353937089	0.9849909787719376	0.9648971089111336	0.5	0.840619897185202	0.9651578615404349	0.8768445832895817	0.9648971089111336	0.5	0.478291069727239	0.8238515745719065	0.9678858737741765	0.4718952320273431	0.8768445832895817	0.9651578615404349	0.9758802538609956	0.8768445832895817	0.9849909787719376	0.9758802538609956	0.8853005059337611	0.9023820605857169	0.7524093854997991	0.4058872337677582	0.9648971089111336	0.5	0.48646856676931166	0.8963318129712894	0.4754934738653177	0.9758802538609956	0.4720249414945134	0.4814799762409183	0.887527198334398	0.48486318422888364	0.5	0.9704901353937089	0.5	0.9651578615404349	0.9704901353937089	0.46486828414368186	0.9758802538609956	0.47088346859629276	0.919002825859214	0.9648971089111336	0.48105523786689053	0.9758802538609956	0.9758802538609956	0.5	0.9722809302356461	0.4840405294257517	0.9463779443945237	0.5817032060305425	0.9758802538609956	0.5	0.840619897185202	0.9633644410254816	0.9704901353937089	0.9758802538609956	0.9135031807018583	0.9758802538609956	0.9758802538609956	0.6517304388360186	0.4246137633648985	0.9758802538609956	0.9651578615404349	0.9849909787719376	0.9503442137569527	0.8370520715140369	0.8679565921225483	0.9463779443945237	0.5	0.948026654380635	0.8703997529439599	0.9757220255628547	0.9186591560916084	0.5
0.9590890019268381	1.0	0.4689055004048234	1.0	0.47002617423270565	1.0	0.9612181794764263	1.0	1.0	1.0	0.9867333103897571	0.9849909787719376	1.0	0.5	0.9867333103897571	0.9590890019268381	0.8938887808595147	0.9867333103897571	0.4887620776574077	0.9382299406234812	0.48885846581752423	0.9835177810042335	0.9867333103897571	1.0	1.0	0.9920073746356083	0.9655837952252888	1.0	0.9590890019268381	0.9607136608714734	0.8372701825609481	1.0	0.9835177810042335	0.8661883457111405	0.981111179636379	0.47174439504084653	0.9869758711554528	1.0	1.0	0.9003702225473431	0.7016516657518057	0.9098982351193975	0.9920073746356083	0.981111179636379	0.8817230947021528	1.0	0.9066553875769688	1.0	0.9529162811958463	0.9505793852195331	1.0	1.0	0.47772622724337166	0.9894607209421411	0.9869758711554528	0.5	0.46435879460277263	0.9590890019268381	0.9502566956807097	0.5	1.0	0.4799779155624331	0.4386028818697785	0.5	0.986117229419112	1.0	0.9894607209421411	0.4824407684558739	1.0	0.896824244928362	0.4856495176875836	0.5	0.9503329665056921	0.981111179636379	0.9218667695182725	0.9785600653578608	1.0	1.0	0.9710475427194014	0.4757799562007371	0.965219560056305	1.0	0.8552787522296009	1.0	0.9782625406438004	1.0	0.9894607209421411	0.9013272781877711	0.8847147523755904	1.0	0.9590890019268381	1.0	0.9813765411706324	0.48908720003604433	0.981111179636379	0.9782625406438004	0.9049663974061553	0.9590890019268381	1.0	1.0	0.9592106046079844	1.0	1.0	0.9894607209421411	0.9023820605857169	0.9869758711554528	0.43116219699200975	0.9835177810042335	0.9599757038591025	0.8979676851887859	0.9869758711554528	0.5	0.9813765411706324	0.4721715697593916	0.5	1.0	0.9443452347133727	0.9624403073316914	0.9867333103897571	0.4393751720779331	0.9852916074211125	0.9848631842288836	0.48759326183324536	1.0	0.47088346859629276	0.9810597332468908	1.0	0.48584475537718896	1.0	1.0	0.8851687522240314	1.0	0.48709876888722015	0.9909693083175213	0.9731376402389729	0.9867333103897571	0.9505793852195331	0.5	0.9869758711554528	0.9835177810042335	1.0	0.9476208623312027	0.9894607209421411	1.0	0.9058286879916041	0.43718836188223026	0.9867333103897571	0.9852916074211125	1.0	1.0	0.9782625406438004	0.9731376402389729	0.9808210044814509	0.9218667695182725	0.9835177810042335	0.9785600653578608	0.9852916074211125	0.9515474738579126	0.5
0.48049271185335873	0.5	0.46791800045858595	0.8330756159158019	0.429592994703447	0.5	0.5	0.5	0.48536129971600034	0.9256853747428612	0.47845708280631793	0.4739238322598475	0.5	0.9452333717904859	0.4845115096135311	0.37075419767890394	0.45477489167942636	0.47968119999926256	0.4500898542905347	0.4601386676381365	0.4095561685768858	0.48049271185335873	0.47968119999926256	0.4845115096135311	0.48536129971600034	0.5	0.47090329501800193	0.5	0.45661967492586675	0.4683157522196988	0.38513012608244923	0.5	0.5	0.4216757660928543	0.4683157522196988	0.43603909046421374	0.48049271185335873	0.5	0.9256853747428612	0.4547353158205863	0.4683157522196988	0.470110040285459	0.5	0.45727959858631684	0.3656864894095096	0.5	0.429055117239386	0.5	0.4669403380733007	0.5	0.5	0.5	0.43682334981334014	0.4780780296757587	0.5	0.4500898542905347	0.42608632694084514	0.45661967492586675	0.4418819551330047	0.9190614526823072	0.45727959858631684	0.4527882185511261	0.2759110714723394	0.4620524679817888	0.4780780296757587	0.5	0.4845115096135311	0.44915016483868825	0.5	0.456844874494438	0.46298488868535703	0.46747553623381954	0.5	0.4700631843210035	0.4350984274981672	0.5	0.48482062598142456	0.9190614526823072	0.4845115096135311	0.4437370585299531	0.44925850713475235	0.4845115096135311	0.48536129971600034	0.5	0.4845115096135311	0.9190614526823072	0.5	0.5	0.5	0.5	0.4666447681803781	0.9256853747428612	0.46747553623381954	0.39550946854130276	0.47400094433528983	0.48049271185335873	0.44868806125007155	0.4666447681803781	0.48482062598142456	0.5	0.4737978953364802	0.9190614526823072	0.5	0.4780780296757587	0.456844874494438	0.5	0.34204098048834686	0.5	0.46468547109355646	0.4563372010214407	0.5	0.44900623972562925	0.4793793186531988	0.4480871074721201	0.45860528290707414	0.47090329501800193	0.4470980734897826	0.4745331114756808	0.4845115096135311	0.396677804468961	0.4845115096135311	0.46865839280432064	0.39266920211362255	0.9190614526823072	0.4345428116102328	0.4737978953364802	0.5	0.4600376054029158	0.5	0.5	0.43933494956422603	0.9256853747428612	0.45202048883611134	0.48049271185335873	0.47845708280631793	0.47968119999926256	0.5	0.5	0.5	0.5	0.4845115096135311	0.4780780296757587	0.48049271185335873	0.5	0.4845115096135311	0.3261021585793738	0.4845115096135311	0.4845115096135311	0.5	0.4845115096135311	0.4780780296757587	0.47154252618225057	0.479901840503031	0.4350984274981672	0.48204574864022376	0.47845708280631793	0.48482062598142456	0.4845115096135311	0.45971968526807483
0.9698403835528382	0.9867333103897571	0.4602226292742167	0.981111179636379	0.48262995132022707	0.9867333103897571	0.9626774638334271	0.9852182991166964	0.9814799762409183	0.9871572312959664	0.9867333103897571	0.9704901353937089	0.9867333103897571	0.4845115096135311	0.9936891826329415	0.4290177692779247	0.7692903843135604	0.9867333103897571	0.48340063030332386	0.9699689532911651	0.4772575373242678	0.981111179636379	0.9867333103897571	0.9867333103897571	0.9867333103897571	0.9867333103897571	0.9655837952252888	0.9867333103897571	0.8773061548814511	0.9304022119532429	0.8372701825609481	0.9867333103897571	0.9583108377804836	0.44683129195357224	0.981111179636379	0.47174439504084653	0.9720187283299975	0.981111179636379	0.9871572312959664	0.5	0.5	0.5	0.9867333103897571	0.981111179636379	0.44901918762032333	0.9816380764640116	0.5	0.9782625406438004	0.9587555216314387	0.9696019340308468	0.9867333103897571	0.9852182991166964	0.4823092814188792	0.9814799762409183	0.9696019340308468	0.48006926162361163	0.4449351060791551	0.8773061548814511	0.8084275240614136	0.4845115096135311	0.9475025347713032	0.4495210497702367	0.4329872595901719	0.4920073746356083	0.9782625406438004	0.9867333103897571	0.9867333103897571	0.47053177214670594	0.9848631842288836	0.8042944010004993	0.4856495176875836	0.5	0.8662863957310588	0.981111179636379	0.5	0.9814799762409183	0.9867333103897571	0.9936891826329415	0.9814520022422215	0.4740036419778215	0.5	0.9867333103897571	0.7888080807997836	0.9867333103897571	0.9814799762409183	0.9867333103897571	0.9814799762409183	0.9696019340308468	0.5	0.9867333103897571	0.9696019340308468	0.981111179636379	0.9696019340308468	0.4824172546933887	0.981111179636379	0.9782625406438004	0.5	0.9696019340308468	0.9867333103897571	0.9867333103897571	0.9465910400791915	0.9867333103897571	0.9871572312959664	0.9782625406438004	0.48259266626006025	0.9514751163166768	0.4301317510642041	0.9696019340308468	0.8605918781288201	0.5	0.981111179636379	0.4857940208756463	0.9782625406438004	0.4720249414945134	0.5	0.9631561979047483	0.7084371152367019	0.9013978610959887	0.9867333103897571	0.5	0.9814799762409183	0.9848631842288836	0.49444706041986985	0.9867333103897571	0.47635480377174644	0.950161056436665	0.981111179636379	0.48250535667188676	0.9867333103897571	0.9852182991166964	0.5	0.9848631842288836	0.48433824317997176	0.981111179636379	0.9472033594454686	0.9867333103897571	0.566902580106411	0.4872072887757378	0.9698403835528382	0.9704901353937089	0.9814799762409183	0.9814520022422215	0.9814520022422215	0.9848631842288836	0.9420777205341215	0.45084762911559745	0.9867333103897571	0.9814799762409183	0.9867333103897571	0.9816380764640116	0.9782625406438004	0.9304022119532429	0.9609306310943531	0.5	0.981111179636379	0.9609306310943531	0.9814799762409183	0.9587505798639566	0.5
0.9590890019268381	0.9590890019268381	0.36840102738777003	0.9590890019268381	0.39344357542570224	0.9590890019268381	0.45552084841486445	0.9590890019268381	0.9590890019268381	0.9590890019268381	0.42982142212308283	0.42005067592820816	0.9590890019268381	0.37075419767890394	0.4290177692779247	0.9590890019268381	0.4174515049683383	0.40958725001594415	0.3760865039856349	0.43563664597627544	0.3741821092246277	0.9590890019268381	0.9590890019268381	0.9590890019268381	0.9590890019268381	0.5	0.4334178872728625	0.9590890019268381	0.9590890019268381	0.5	0.39107572348435704	0.9590890019268381	0.4154541782546924	0.3886498114797611	0.9590890019268381	0.36429934491719884	0.6526074462763962	0.9590890019268381	0.9590890019268381	0.42195018048360466	0.40162530628448234	0.43563664597627544	0.6561097340411514	0.37209218850720716	0.3677996460877044	0.9590890019268381	0.3477025644224815	0.9590890019268381	0.38561098279568173	0.4282572206513922	0.5	0.5	0.4124588958143943	0.9590890019268381	0.6526074462763962	0.3760865039856349	0.3589959527605655	0.9590890019268381	0.3920048743335815	0.37075419767890394	0.9590890019268381	0.3944694057603779	0.3418920821773223	0.39637015418834787	0.4333835986969008	0.9590890019268381	0.9590890019268381	0.38032188839278014	0.5	0.43166006499322257	0.38164834865242936	0.4354435233410536	0.5	0.43563664597627544	0.398349209204282	0.9590890019268381	0.43834434969876745	0.9590890019268381	0.5	0.1865670894483144	0.4286017913731709	0.9590890019268381	0.3806022666548533	0.9590890019268381	0.4016324337426866	0.9590890019268381	0.9590890019268381	0.4207321300821739	0.4564927582573466	0.9590890019268381	0.9590890019268381	0.9590890019268381	0.4104802112307391	0.41289480816042984	0.4416398743454436	0.5	0.4240694130827918	0.9590890019268381	0.5	0.9590890019268381	0.5	0.9590890019268381	0.9590890019268381	0.4550712846534187	0.366997575092224	0.4525995643427563	0.38517122272904325	0.4780906617624033	0.5	0.38305081309179384	0.5	0.3437885569829765	0.5	0.3837291246507212	0.4129132442524881	0.42677250473944817	0.40162530628448234	0.4369639216312521	0.5	0.3920048743335815	0.4334178872728625	0.9590890019268381	0.35972189198933746	0.9590890019268381	0.4254602124385554	0.9590890019268381	0.9590890019268381	0.3879898779765745	0.9590890019268381	0.5	0.40569325849520915	0.9590890019268381	0.39344357542570224	0.9590890019268381	0.4290177692779247	0.9590890019268381	0.4564927582573466	0.41111324251429765	0.9590890019268381	0.9590890019268381	0.9590890019268381	0.40508834039703406	0.4388240587563976	0.9590890019268381	0.3686964569205824	0.2698639692854148	0.5	0.4334178872728625	0.9590890019268381	0.9590890019268381	0.398349209204282	0.9590890019268381	0.9590890019268381	0.398349209204282	0.5	0.4290177692779247	0.43834434969876745	0.377045477385623	0.4239522321481588
